PatientID,Class
101,1
105,0
107,0
108,0
109,0
112,0
116,0
118,1
119,0
12,0
120,1
121,1
122,0
123,0
124,0
126,0
127,0
128,0
129,0
130,0
131,0
132,0
134,0
135,0
136,1
137,0
138,0
140,0
142,1
143,0
144,1
147,0
149,0
150,0
152,0
153,0
154,0
155,0
157,0
158,0
159,0
160,1
162,0
163,0
164,0
165,1
166,0
167,1
168,1
169,0
17,1
171,0
172,0
173,0
174,0
175,1
177,0
179,0
180,0
181,0
182,0
183,0
184,1
185,1
19,1
21,0
23,0
3,1
34,0
35,0
36,0
37,0
38,0
39,0
41,0
45,0
46,0
47,0
48,0
51,1
53,1
56,1
57,1
62,1
65,0
66,0
7,0
70,0
74,1
76,1
77,1
78,1
8,1
80,1
81,1
82,1
83,0
84,1
89,1
90,1
92,1
94,1
HRCT_pilot,1
